ClanName=Asdf
Established=27/6/2011
EstablishedBy=_Pois0n_asd
Leader=1
Sub-Leader=0
Players=1
Bank=0
Msg=None.
Skin=-1
Chat=1
BankState=1
Test=1
x=0.000000
y=0.000000
z=0.000000
a=0.000000
Vx=0.000000
Vy=0.000000
Vz=0.000000
Va=0.000000
CMD=Hq
R=-4576
G=-67337
B=-5674
