ClanName=Clan
Established=24/4/2011
EstablishedBy=asdasdasd123123123
Leaders=1
SubLeaders=0
Total=1
Bank=0
Msg=None.
Skin=-1
Chat=1
BankState=1
Test=1
x=0.000000
y=0.000000
z=0.000000
a=0.000000
Vx=0.000000
Vy=0.000000
Vz=0.000000
Va=0.000000
CMD=Hq
R=-1
G=-1
B=-1
