ClanName=sTz
Established=7/6/2011
EstablishedBy=_Pois0n_Pro
Leaders=1
SubLeaders=0
Total=0
Bank=0
Msg= Bla
Skin=-1
Chat=1
BankState=1
Test=1
x=0.000000
y=0.000000
z=0.000000
a=0.000000
Vx=0.000000
Vy=0.000000
Vz=0.000000
Va=0.000000
CMD=Hq
R=0
G=123123
B=0
